webinterface/fuku.json
{"header": { "parameterUnit": "", "parameterNumber": 2, "dx": 2.2622168379296377, "dy": 1.796630568239043, "parameterNumberName": "Eastward current", "la1": 64.37061852358565, "la2": 10.471701476414356, "parameterCategory": 2, "lo2": 174.96564156894456, "nx": 31, "ny": 31, "refTime": "2017-02-01 23:00:00", "lo1": 107.09913643105543 }, "data":
[rows 0 to 26 of 31, columns 0 to 30 of 31]
0.9672895336786209,3.9125904029352223,2.9444863728670914,-0.7257656867990032,1.225774349296776,2.910968883852116,11.404361411171486,6.565973347938118,4.258152695588753,-4.016479975044749,-3.18629844197358,-5.9887401229922235,-7.4845389228927806,-1.7176454587576409,-7.047077676653386,-4.90813591723832,1.685082064825735,-0.4448556280650226,-2.0034944514537205,-4.0794328660915875,-0.21288692988525695,-1.6042873068830326e-15,-1.4613175600806856,-0.4990628028457664,-2.399634468375339,-0.26174622526875857,-4.932757352618995,2.7,-1.3988627306225474,-2.66295824562643,-2.650393395308693
1.2608835935349805,1.200000000000001,0.4917561856947893,-2.7995735464378955,-2.8319417597242684,0.13089304827962728,5.670312121335779,6.733822867442678,-0.45886114908083675,1.2360679774997905,4.090582541823946,0.5821527342897276,-3.8637033051562732,-12.774458086766257,-3.1720772546282747,-0.5441004952041774,4.900000000000005,8.126731474298687,-6.019473086366893,-5.914454374844575,-3.6477653192421844,-1.764079077228795,-2.1900825105632338,0.27889837679250545,-12.157213929237603,-0.9079809994790937,-6.971004432382701,-4.057135312710715,3.118522834659287,3.8527397452222236,4.88585361400204
0.7665288786971325,-0.17439118436031326,-0.4874773736205899,-0.7648335847691417,3.5052967805667503,1.5160054569934944,3.7735479011138597,6.153786140176196,4.979288880273358,-0.26811255549132446,1.2873484893640414,0.5644537016453288,-2.0285676563553574,2.7693420484112363,-3.137192456287493,4.8260799916495625,4.404090826865918,1.6074946736306421,-1.5049255793804608,-7.897266007717893,3.090962644125019,3.6544468602020097,-4.55970664905273,-1.3449098417245882,-2.4313042966064904,-6.760236386555246,-5.2596761577966955,-1.1410693066998885,3.5120059055439476,7.962654215670412,13.99391531423033
1.9062366225525944,0.31358538980296025,0.4093203866118319,-1.2433012927525902,2.2369481017690798,1.8126155740732997,4.294106999444668,8.412069366310728,10.692078290260415,1.6580751451100832,-1.8445986456196946,-1.3382612127177165,-4.788307441247156,2.2558240589371175,6.956383272637482,-2.2982580081968433,-6.099999999999999,-3.1756196403166865,-6.289302795991254,-6.954665949281292,-2.1331623290838837,-0.9739771428813718,-0.17794225122600893,-0.565685424949238,-3.380118193277623,-13.581361672662204,-8.6036892145396,-3.7486680391111884,2.1275087245471433,8.291960164956361,12.790051843011664
2.5242120488351985,-0.8282209443280664,0.2999528370997403,1.4979443021318608,5.3967104659031175,2.229953381049819,3.21795628712435,2.552230676963926,4.5,6.429526314075354,1.8709885581486807,3.845046783753275,-7.7032322963462185,-0.38366060559268916,-12.81865999313863,-16.750922654741316,-6.169042969649746,1.6323014856125402,17.394067579320865,5.143516556418884e-16,-1.1657189421854568,-1.4106846055019358,-0.7878462024097664,-1.5542919229139416,-12.998020037033086,-16.22571745491878,-9.01489315290086,-0.32456531933325905,2.1772970603970108,11.67218546686762,11.154318553674143
-0.09422864109675262,-1.851772719051092,1.608693330549854,2.2657694675916256,4.303371401833659,2.067226306488084,3.394112549695429,3.0430442686877583,5.5735861910804605,6.973362886642219,6.1203504381634275,7.780173749140772,0.9734487861187653,-12.577933983877807,-7.23718449707313,-11.977437853823561,-14.663893141587359,7.481730376948683,-1.7092330985980067,-1.0142838281776787,-0.38974802591409413,-1.7207293090531377,-0.7641242075048971,-7.193398003386511,-19.492629149218157,-23.457751520539723,-1.1080017106371267,3.2965380220600284,3.2755801403744447,0.3350351683440078,13.773982448599263
0.1185860053650136,-0.8776244419430045,0.6077686218342564,2.3382685902179845,3.505296780566751,2.4110413073399277,5.374011537017762,4.305785356724749,7.2032392613102,7.9805124020785945,6.717514421272203,12.457570979247398,1.2835191168919118,-3.409740973521603,-11.753010375903358,-5.719900896765709,-6.599885650114279,-3.7699918623860644,-6.0541880986124745,-0.30467335851286886,0.3757673725921769,-1.0545844872466639,-8.181165083647887,5.69343766399645,-25.90044390422107,-28.247886541020943,-0.4212705162064337,2.092008865992666,0.13073361412148748,10.52135601603527,20.404768275174856
-0.6180339887498948,1.3247981605830126,0.20229377385796438,-3.1377779557787764,2.300000000000002,1.1330246557195582,5.718709867657783,8.786499338019905,10.366375072949973,6.415031431893564,4.789763412811688,2.744402862995157,-1.5165099238092519,-5.39882530425276,11.873130963327588,8.489264679362678,-4.3999999999999995,0.8949448517543349,-2.560785057665201,-2.5029514406436957,-2.5728710015600824,-2.5217671870699627,-10.99158421786925,-16.290070480411263,-18.443835050699214,-19.960359517101093,-9.358054424950005,-5.623776358596625,-0.8489559158563991,8.544758030326967,8.865978680812477
1.1475657071556424,1.4433298637791163,1.0595371114307124,-2.0506096654409878,-0.4357787137382908,-0.9761443187737714,-2.346642387316777,9.84179510108514,11.24533622181177,8.111436481636131,3.0399551126605457,-1.4136843834997106,-4.8738041138160835,-5.249999999999999,4.491661295558314,-4.364050454270984,3.6136361424293306,-0.2635313372029799,-5.034233010215447,-1.1273021177765288,-4.780422237288917,-6.7388537214240865,-14.748495039395145,-19.841734487729248,-21.23705322976153,-17.811146093257417,-15.79594181535092,-11.213565343566804,-13.923903296421598,-6.788401835401989,2.839555701339932
-6.196223127518394,1.050000000000001,2.6140251941921644,-1.0114378022229624,-1.7785047452934775,0.8799847533485703,-12.78209099821118,-5.198204619410603,15.653255996926948,12.972345498524934,2.2370128500753053,6.182459497085079,8.6351515192795,0.3559748663655083,-4.4753485291572295,-0.9510565162951536,1.758290078201731,1.2948116406095722,6.81504955010645,-2.6983552329515588,-0.8859072165503941,-8.24751367334597,-19.49703005554963,-24.061729862267384,-19.92913025967601,-21.84845786903539,-15.738602147726185,-8.158865732183175,-6.53260533286288,-0.3135853898029604,11.455129855222069
-0.30467335851286886,-5.657061217629254,-0.0,2.6307991749201354,-1.5141832724372424,-4.285836503510562,-13.229550300040245,1.5111798582238258,6.467184310807045,15.117058625094025,8.004603403006799,-1.4195656297926673,19.79085434922747,-3.6464005336243797,-4.986895488540254,2.777531194866,9.327704176056208,-2.1649947956686737,-6.587982210823212,10.971741448987036,-2.5085756468171017,-12.40394259437399,-23.01313833586671,-26.96917821655557,-27.725444716318844,-23.733542930174945,-15.252624115342508,-3.7525718313087593,9.066709123496109,19.401552932421133,16.84002330716015
3.4979184431192736,-15.949016782971784,-0.5196152422706631,5.974914729582091,-4.314211422236001,-4.8296291314453415,-16.754552680945537,-3.9429695832297162,7.98887473687929,5.743747588792326,15.65765618879728,-1.6298123893812075,8.926917947627745,2.843174200880173,7.693745018424009,13.950000000000003,4.817848183843972,-4.695108483522267,-6.798108094951343,2.9193776292611346,-5.597117434632412,-20.051037410222467,-20.13298663710134,-30.82390556453773,-28.351560606678895,-24.915141958494797,-17.15309654067912,1.4343693144727836,29.325643185545903,36.498953560015636,32.229490506399415
-1.605949394614658,-8.57445657011007,-14.846480142869165,-6.212624942979453,-5.117240034366208,-7.689447417610219,-5.595450922490192,-7.681243187000646,-4.070630861550845,-9.727004231534968,7.353910524340096,2.421611956705146,-10.289149423861742,6.634796060568521,12.930030047290197,3.62537091215435,1.798349500846628,0.7441550819685245,-7.479072930491784,-6.654395551301889,-14.530663966840752,-20.943074155590473,-21.436141425275174,-31.14487894840153,-40.3560607016401,-47.98603392195617,-46.21074829379287,-11.829980694823751,59.49093786180528,49.788227441521755,43.458382145597085
-3.876626159957199,-5.880643059643228,-17.447938543355523,-13.899123061309957,-5.383065497254585,-19.094152379636128,-9.147588351911134,0.680540185698766,-11.554848444519326,3.9793803482641996,6.96391560946235,-5.759686905748693,-8.549075208830972,6.450623091815408,8.653412307907567,4.948635947748783,-2.2081310009842325,1.434457133944553,-15.937776133769628,-6.794752775230698,-13.26460116088067,-20.12313290145326,-26.196009613097452,-36.17794793809127,-48.38185643760147,-53.925994876746984,-59.41845731789714,-38.848239093049045,31.506940681924544,41.01770616979801,36.333791925286
-2.5806199942674373,-1.6499999999999997,-1.812706759626045,-12.272971540739084,-10.661808847998481,-28.321666766008914,-25.138614066547568,-8.352913988231252,-0.5226423163382674,-4.51052457977236,-5.8423185119790375,0.6946552574093393,6.306039244375137,-1.140923846096175,5.795113149337391,1.0673252989035962,2.910968883852116,15.597326867240517,-2.759433211498812,-6.963915609462352,-10.857438368145242,-17.276638428678886,-30.909626441250186,-40.644743682143215,-43.96979451771057,-49.19399332219302,-48.02525165375303,-25.339873285574676,0.9581371134068716,9.845744161429709,11.990224978039457
0.5237109760522981,4.747642682235098,0.8769330583067116,-2.7434354860713186,-16.45202321542811,-27.377655533739382,-28.85983919336132,-17.271237890198233,-5.057189011114812,-7.558645167497279,-7.3742475196975725,16.35817208027664,12.470765814495913,2.132522865503611,6.969553002478413,-3.9726116603625754,3.264585740138293,3.6553530853620644,2.78393729375169,-5.3058404643522685,-10.145588602816991,-20.162398145457257,-32.74488551119941,-39.78087581473093,-44.3668129783671,-44.181279725492246,-41.89428397197706,-22.71144776012664,-15.08729067585714,-15.551098913873094,-11.628684873072743
1.6320065190596382,2.1836015336109087,-0.0785358289677758,1.9288330458719425,-17.60303754801844,-28.031549812301062,-21.24126741231813,-24.896677924802457,-15.039583757277946,-17.886617051279693,1.889379029248401,0.2004582083196141,-6.795857623729851,2.8669435963624035,9.846424437929693,6.783023549567494,3.9433268982745804,-4.980114779327824,-13.107611126122153,-8.557694507026651,-13.33721301778979,-18.54367709133575,-29.35855600806519,-35.84700220964437,-41.34207997080744,-38.06596315915743,-36.25817681969935,-28.010846772014236,-22.220030281774086,-25.164006396479415,-22.308637107348282
2.9108871788279895,0.7890680642203395,-1.0494494745709964,1.6603975877314991,-14.523406344270395,-31.364458391865774,-30.99527854984813,-26.335690926859357,-33.217031305300324,-30.33207879277601,-14.65274311275067,-5.177128565832889,8.413776741499452,15.767553606583666,4.594848367072485,3.491804615390769,-0.3647552945392238,-9.610428525060868,-18.408446817163423,-22.148659901523676,-28.34148418559558,-19.66678637246579,-20.673237657289985,-32.551700345941605,-36.52569838040065,-36.24092531084925,-26.240758095103843,-21.755662184578977,-18.23185774623168,-23.77641290737884,-25.72528189929909
7.1393156801642625,-0.661529653960798,-0.4134540543192563,-0.6048047389991693,-10.036959095382873,-30.14700010220583,-28.11535982531324,-18.552753767160848,-27.9515800388424,-34.00551526100471,-22.302802532054596,-7.506431388523047,12.113260655281527,17.572998676039813,11.70095930156134,5.6648858875545285,2.1266001230428535,-9.964535384863266,-17.423219751716132,-25.35663807507714,-28.549472369368072,-20.95781477158342,-20.529991075588615,-31.573672058406526,-35.650040659041935,-32.490645322715174,-24.226965887761263,-20.631295971457433,-19.6596490629358,-20.92324335849338,-21.248114270534256
4.728637658290615,0.8714224560240432,-1.2849965147352844,-6.665643861542586,-18.055428988500143,-25.6384964789701,-25.432675511550073,-8.72957900879998,-17.928409192048328,-29.35855600806519,-29.653922867074396,-18.021344974357817,10.075822147778002,24.837564362470808,18.27123092860174,14.976951305696366,6.651649459134784,-4.723230432540503,-19.610737743845842,-19.800564646218795,-29.03650198228457,-30.219230288431923,-31.107561137217523,-27.10511071441188,-34.11669051888599,-30.500256517240366,-29.41460789571256,-23.87897484824826,-24.583482965582238,-24.067429867912214,-22.47619483532298
-3.3870619735119347,3.0808154074407654,-2.3494021062406807,1.9534089267429402,-22.026429847364966,-23.401918603122677,-17.20227170199581,-2.518678738970391,-4.285836503510562,-19.485617421287976,-24.76998137243663,-30.411630429790623,2.8470094961277286,28.719751427716137,29.21080650472292,16.544815407788978,9.775676573396428,-4.102393400595717,-18.669940412954993,-25.428890674337094,-29.460737701816583,-33.415935684373984,-34.19479117434859,-30.13401342965868,-32.48020187812061,-30.18160297597669,-33.87934903594734,-29.80706886912127,-26.392847780727177,-25.996040074066173,-25.920911419445847
-7.628088912490984,2.404163056034262,2.7998861283315475,1.0533227535362972,-20.399999999999995,-20.609801606300607,-2.6164542980492302,7.877335150060383,4.8413579041545125,-4.692298567374695,-15.917521393056802,-25.227688883175908,15.257577952497597,29.985460412561544,28.194128880215487,26.053866313326726,10.423406835296245,1.4293541810615902,-8.581664683470109,-22.186270338342425,-26.29954002962208,-32.27670821817255,-35.26529231244779,-30.669676085716848,-31.165949161537508,-34.31100539020543,-34.05737999228748,-32.123057220395225,-28.72984464748294,-29.48736306351567,-30.420800890330245
-5.015905365124674,4.596266658713869,-4.8916799524376415,-12.56693076204625,-9.847005498558298,3.4740895646155923,3.1721635965964516,7.146332291817519,6.4713171333540025,7.161598775509375,-3.492780679743753,-16.13096129902744,-17.12918330146318,22.69654268005008,33.37503598310993,17.98736677859567,15.387490036848018,0.46765325581351197,-9.282927836740098,-18.19354537364879,-32.295080553551436,-34.528610305903335,-34.6154725440159,-35.649650474696536,-32.20321352349921,-30.302202903492056,-32.77902383149667,-32.90404643085622,-28.48607455210594,-26.69949147915156,-29.29254070189073
0.5788384472156978,0.8192639818279882,-12.737834788750325,-18.795206689217235,1.792298567374696,-8.99205238827647,4.997431073395487,14.0853254505668,8.779118224096157,16.90531413475599,11.415427104434828,-4.971631089293716,-18.97924764492489,-5.187462936635807,33.28697807033037,23.934890990236145,18.541899450037466,5.8376057245748685,-9.514557037793447,-18.76607847130762,-25.620469487984032,-31.875552267539256,-34.03953650553643,-36.636314435924845,-33.25965467946583,-30.08749108286938,-31.246095898900737,-32.08056136801085,-25.60220374095786,-24.198364344580874,-27.924098874120634
0.8205353698274752,-6.874724795220202,-29.569315504392552,0.9096032741960964,-5.430055909594883,2.1047204917171105,10.043052317185797,7.7758972365842185,7.422447362194028,19.27935627519312,27.271182175035623,14.491324096809196,-5.959822514817577,-13.673864788784053,31.667641320485117,36.19203059009467,21.055417260189124,10.718070712637587,-5.022519540362261,-18.41898607859321,-25.5004418140314,-30.22619365887727,-29.76260173159388,-30.22619365887727,-33.080234226837725,-32.13748763087807,-33.42217926859982,-30.027969337239313,-24.896207609394143,-26.34113062852577,-28.30662077650585
-5.750175672340508,-2.3963448518036388,-10.599282907060696,-15.126060151685715,-1.5006783582075416,-0.0,14.733043442019772,12.41059324426296,19.02220193908702,24.20857816974972,35.74387643927809,28.918440078934132,14.701607649108071,12.124355652982137,15.140965173417753,29.49044960148816,17.119017293312762,18.088973969045636,-3.186948158192611,-15.497863158326716,-23.77422330588348,-28.286520923169707,-26.48646959169527,-26.212150617748293,-27.36640275958826,-32.446465071399935,-30.205121169985667,-26.6295824562643,-22.855683667516544,-26.99474754481076,-28.75753946157388
-10.051127814201292,-24.291767094523724,-3.193369021915614,-3.094028867541865,-24.60030988998068,-20.318018681442236,4.1834756518875995,20.58150934677205,26.450336353161298,32.02528395289646,36.670797089006015,41.65767286850261,31.197795010092157,19.221725594857013,25.10789203019205,17.09983335326587,4.1380274856835255,16.268172238014923,0.3558845024520217,-11.285476844015484,-21.14859012995634,-23.0908075908707,-22.3795054024309,-25.865466932770993,-25.44144288469278,-27.473061545626873,-27.93308471025462,-24.47031024998955,-21.595798035848606,-22.314761237255098,-24.00082667646185
