webinterface/fukuCOMETjson.json
[
          {
            "header": {
              "parameterUnit": "",
              "parameterNumber": 2,
              "dx": 2.204687854776773,
              "dy": 1.7966305682390427,
              "parameterNumberName": "Eastward current",
              "la1": 44.404312841195214,
              "la2": 26.438007158804787,
              "parameterCategory": 2,
              "lo2": 152.05582827388386,
              "nx": 11,
              "ny": 11,
              "refTime": "2017-02-01 23:00:00",
              "lo1": 130.00894972611613
            },
            "data": [
              20.49687775070602,
              14.8,
              15.068442890109466,
              26.302473018495032,
              32.25443617561893,
              30.63480184941787,
              16.49480172406703,
              46.45115989681386,
              42.48097529024858,
              51.89936858374337,
              48.199698731824505,
              16.61773159165019,
              13.850000000000012,
              19.801479438925902,
              22.280935604660577,
              30.699151720592788,
              17.63609817261276,
              7.212566884330647,
              36.320205787563566,
              44.64351299490023,
              26.576722545053702,
              25.185056433583956,
              -23.476453821975372,
              12.94615108871073,
              25.62635741918429,
              22.92580586298064,
              29.657988604293088,
              10.781178942679249,
              36.025717632529265,
              33.23546318330038,
              31.76528764425813,
              21.28702461550674,
              18.77423525338599,
              2.5357095704441948,
              -9.030970087718508,
              -5.6241092976240425,
              8.869596616706517,
              18.446341100608542,
              1.4527695991665495,
              15.480768816367302,
              21.209257346955944,
              23.70295182443761,
              14.761328152286417,
              -1.4579103012522188,
              11.509436805418419,
              -11.497079796628164,
              -19.161466982422265,
              -6.713443347838239,
              -2.542346798541462,
              4.590510977845909,
              14.613344205498842,
              -2.686381505978694,
              -4.356118060050048,
              -6.859103017843748,
              -32.46312193897493,
              22.40380592137423,
              -7.880466884168427,
              -6.095202647831141,
              10.861957270738799,
              -5.755336383148386,
              -24.058334596187503,
              -25.9280001112533,
              -27.24957293245796,
              -17.799999999999997,
              -9.840253602666872,
              -13.473833851955066,
              -8.196675541373065,
              -6.0915855635556815,
              -4.740962520052386,
              -13.407189618366214,
              -36.691511771362414,
              -38.157866707537266,
              -38.484679318117834,
              -30.931611414561996,
              -36.836718573060416,
              -4.330056454280184,
              26.24210382165161,
              -9.290478544401624,
              -1.5704773516125436,
              -18.299370733372285,
              -18.045007245378926,
              -1.5648450916640206,
              19.457157176333844,
              7.5518446925980545,
              15.754670300120758,
              20.22851677034302,
              22.390264502768535,
              24.94568152856113,
              -1.9625983591103937,
              -14.0838604171303,
              -16.071263690779954,
              -10.903551152910046,
              -13.1285659172396,
              10.431998923921938,
              12.344170317131221,
              14.892539958084512,
              12.928890981838823,
              13.227977893497618,
              11.864081411149002,
              -15.19944089823275,
              -24.617684382679226,
              -21.256312539292434,
              -13.948491130197901,
              -6.13945309551007,
              -4.326372811226469,
              -4.402978499913953,
              -0.6281909406450206,
              5.47023579884983,
              4.7,
              5.351975815759156,
              -7.39700412948524,
              -21.395477810137116,
              -15.35194998714384,
              -21.939140022684242,
              -3.2755801403744433,
              12.877038120866876,
              19.73950742100705,
              9.110900804897923,
              5.391926446648768,
              7.947845481490629,
              6.582862246223427
            ]
          },
          {
            "header": {
              "parameterUnit": "",
              "parameterNumber": 3,
              "dx": 2.204687854776773,
              "dy": 1.7966305682390427,
              "parameterNumberName": "Northward current",
              "la1": 44.404312841195214,
              "la2": 26.438007158804787,
              "parameterCategory": 2,
              "lo2": 152.05582827388386,
              "nx": 11,
              "ny": 11,
              "refTime": "2017-02-01 23:00:00",
              "lo1": 130.00894972611613
            },
            "data": [
              -0.3577743319643042,
              2.718715894107124e-15,
              -4.037577103599316,
              -3.2295376002364136,
              -16.43445609057159,
              -10.548408204411864,
              7.691652363680723,
              -5.703485271360911,
              -5.216007897740321,
              9.151258963047228,
              12.915070350615778,
              -6.378949501906347,
              -23.98890368482894,
              -5.305790424601666,
              -15.601279068748452,
              -17.016817670646436,
              -4.071614083623955,
              4.683895701129232,
              -7.059932828932169,
              -7.0708378198184265,
              14.131094039855313,
              7.221698722405371,
              -21.892147358006202,
              -10.863110603702513,
              -14.204921873217682,
              -18.564951535970206,
              -17.82031739188787,
              5.493285046848517,
              -7.002690130319206,
              -12.757899003812694,
              -10.321167612123237,
              -0.7433592797632773,
              -0.9839159773673463,
              -5.4378467222199,
              1.755442757464212,
              -17.309228596571792,
              -20.89546017337039,
              -10.65,
              2.8512208774027776,
              -8.581130278360169,
              -19.77795244181246,
              -19.194271927020043,
              -16.980965555012368,
              -20.849088650430325,
              -11.114533927343956,
              4.64512175835731,
              -17.86835703363746,
              -12.626150577882656,
              4.989636535454859,
              -13.331811915950368,
              -34.42688151912127,
              -25.559212710964623,
              -30.995390551611152,
              -38.899906243982215,
              -34.812436197072515,
              -27.66639622786815,
              -10.086537646166041,
              -9.036509540849954,
              -4.610627316173428,
              -2.562440851377541,
              -38.50138356550174,
              -32.0184136120272,
              -33.65042013108684,
              -30.83050437472602,
              -34.31704254499799,
              -25.340595915051203,
              -6.877827423645971,
              -21.24388348023685,
              -16.533701170139086,
              -36.83595073480761,
              -39.34682914711137,
              -30.899631200547024,
              -37.16422281955636,
              -29.870309929736887,
              -29.829786535762295,
              -12.575397055470916,
              3.6880871754417446,
              -40.241483675630214,
              -44.972587215859306,
              -39.24312717868694,
              -24.836821727310888,
              -29.859023089161756,
              -12.635625612348617,
              -9.325751537483647,
              14.185568854807793,
              13.644306844686216,
              12.411126278306224,
              10.588813582059322,
              -37.44860755329652,
              -36.689710761340024,
              -31.54163095626822,
              -23.382740905545568,
              -30.928963076002,
              2.795245687107223,
              13.237501999306991,
              17.131907471056927,
              16.548225825741163,
              11.910524793187674,
              5.7864991376158255,
              -35.80763879929993,
              -37.90790967113317,
              -24.45259039921781,
              -16.623164415681824,
              -4.971631089293717,
              1.836436303899587,
              17.659382218223136,
              17.989034886343724,
              12.887067948334165,
              8.63375993398884e-16,
              10.065602558591767,
              -24.194510325864798,
              -22.155665850430456,
              -15.897409587484193,
              -8.42164681431456,
              10.081199072728626,
              20.607568736601156,
              15.98473793266588,
              20.46341825119426,
              8.302838622659698,
              -3.5386087947594578,
              12.919594600731335
            ]
          }
]
