webinterface/fuku.json
{"header": { "parameterUnit": "", "parameterNumber": 2, "dx": 2.262216837929639, "dy": 1.7966305682390427, "parameterNumberName": "Eastward current", "la1": 55.38746568239043, "la2": 19.45485431760957, "parameterCategory": 2, "lo2": 163.6545573792964, "nx": 21, "ny": 21, "refTime": "2017-02-01 23:00:00", "lo1": 118.41022062070361 }, "data":
[rows 0 to 20 of 21, columns 0 to 20 of 21]
1.6617774435648516,3.461262150774108,2.1190742228614248,4.705788684431238,7.3742475196975725,5.2395969218903815,7.883776803291832,1.6298123893812104,-11.932040621537205,-8.049999999999999,-10.8633449167807,-10.012150617748295,8.638319214339443,-1.5733009776245934,-1.016841607689501,-0.1879385241571817,-1.645798706418925,0.17101007166283427,-3.550806288991527,-18.59716712990888,-22.55236890958479
3.477112853649689,5.584850893648515,4.963444622336693,7.313537016191704,7.395492119941309,7.706581468706231,13.36029351397547,3.1603968335381327,-1.7160092541054826,-13.725492467585,-4.58431189040696,10.471887797320877,-2.3469506431315033,-5.936565481663798,-0.6798373876248845,0.49442719099991567,2.6942229581241772e-15,-5.055246194477205,5.8560222946838,-25.806199942674372,-26.21435569966599
3.2611199682917604,8.061017305526644,10.775599969422222,10.775574088987472,7.77478130471248,5.321165025953815,3.507867486195184,0.6281909406450147,-4.132826628472942,11.691364300458236,13.175155571969084,6.03487597926183,3.1603968335381345,-2.588619677857215,-2.690406834809284,-3.8589192477861483,-1.0939835193016605,-7.539983724772129,-13.666627488559591,-18.257663504954994,-20.882897141841056
1.6738487759304728,2.689819683449181,10.906136416206262,9.636609922066437,7.300000000000006,2.975575246933316,-0.0,-2.6904068348092816,-3.907311284892738,6.212131825597476,-4.312283295509917,2.3937018088292645,-1.543054966925665e-15,-5.4120173919818635,-2.0510793730800865,-4.9005358830360235,-8.581664683470109,-15.109615144215962,-19.099987404075822,-22.74056142301898,-19.380924410910144
2.68984201886108,-9.06636687082421,-3.7613025294922253,10.96015510839149,11.314608369267882,0.28098374364026535,5.475087402133589,8.764789001808653,1.3527497117971343,-3.267531492740206,0.23659427163211139,0.5149404735522425,-2.6282925824062846,6.996837459434945,-3.316969676937284,-0.40832411141926334,-8.964204596024164,-18.788547547959002,-24.2901408014611,-23.57210076930809,-25.356071067238172
-2.4853631043215887,-13.186896557987843,2.7667304329598976,1.9570252263006924,12.696693800361944,3.3064818398119393,-6.077449283938639,16.840023307160155,-3.762863470225653,-3.4184656218001455,2.3286109371589063,5.926956132847726,-2.795224285165525,-6.942106184614627,10.15389731787766,-1.578796175125378,-14.371882349109615,-23.908672754201895,-28.17645355285964,-31.398847486304305,-27.011479041326115
-3.782451617312265,-15.838210846465138,0.3950322125537437,8.398720639313687,3.26421354583883,12.999204500084243,-5.262690685009262,6.590800598922987,2.2891733455616095,11.19423486926482,15.42065058918626,3.333998681401617,-5.977168188550474,-4.9803708901653145,3.9340494855583157,-5.572523087054835,-19.47327592771419,-20.82813770686386,-34.80949311705449,-32.058057046259,-26.804243323928688
-8.337387673787106,-4.574544089836289,-6.384409921662876,-2.966020352787251,-9.926889244673385,4.113840701993854,2.502951440643698,-6.822153422343112,7.999267012062585,14.784747472106412,5.237109760522981,2.8940993221413254,-1.3641180906993293,1.1755705045849465,-0.3455050173547613,-12.271747625471829,-20.8959605207449,-25.465053136241632,-34.960675231933386,-40.83421307962161,-48.58210849463146
-19.471507169747515,-8.278513332228412,1.7692615777774638,-11.434485439888917,4.045084971874738,6.290029259590682,-4.36478950439999,-4.935003665687178,9.342484099439227,11.258964393540758,4.883522316857352,-2.5660125727574252,-0.5706097139362682,2.6820608115490976,-1.8606066461642365,-13.844927461669199,-20.73672913555668,-29.1,-38.8,-49.73175083077778,-53.3
-30.124494388151703,-25.758117090038276,-5.592252204272891,1.5788072055027804,-3.8252190238521417,-2.8530485696813415,0.0436310160932089,5.91665566436979,2.1846448822939575,11.579369470161717,1.2980573963935023,3.5618020038569886,14.990482410488546,3.1580110982344207,-4.908699050188732,-11.414280743875203,-16.476266117245945,-31.496352743628545,-42.56553712176209,-43.5717950246291,-46.51478472890247
-28.684583782434203,-31.49635274362854,-14.833519560029972,-1.9462517528407568,-5.9130711674974545,-7.030903288065149,10.620633706159063,13.336791218280352,1.0159009340721112,11.38808279052806,-3.507731572447806,5.345994002686588,6.7299746557617,5.446390350150271,-3.708379890007493,-8.4,-18.98842571336282,-31.631640676597485,-39.88032800426776,-42.766905147769464,-38.04595726056372
-26.335690926859357,-23.579755567802692,-24.961690395821964,-13.367358273481644,-15.160154439738841,-0.7394186216877282,-1.8651503074967297,-5.926130043570827,2.6045452356572545,11.266138472479291,9.517637447973724,6.5642829586197955,-0.4136220325636174,-4.607661099015721,-3.1496592874640434,-7.151875502157307,-13.987510690493423,-28.002840099420073,-34.430795545829966,-40.00137779410308,-28.850267537322587
-31.119924995185777,-32.121562418366345,-25.161403952817317,-32.59503486209836,-26.491328556028396,-11.768291312631959,-2.602536987953221,9.883202690675173,17.740938027348484,4.449310183500053,5.438699100999073,2.3520783277193433,-2.0926942123237655,-10.81035299035738,-15.943510695297922,-22.0128928369875,-13.57179009911742,-21.7524239373848,-31.86397599769698,-35.40894314656377,-33.948818836687764
-29.048975805058692,-26.914899411152845,-16.369417088391952,-23.622598409063468,-31.56959009904162,-18.078648857607885,-3.187823033893586,15.20951949424901,16.23221314873461,9.69344177433268,6.2834653810231265,3.973435412021861,-4.4801229838068,-14.106846055019357,-23.38059113743598,-22.920462042713204,-19.081082163519586,-23.182002853378464,-31.802406211640807,-35.898016946930674,-33.281143411266676
-26.867661055930682,-23.5576909676334,-6.825559592577449,-12.324659769245951,-23.96662421063787,-25.67852593996915,-11.070025221575188,11.253940932943305,25.271833265461492,14.205606174072518,17.12314065665224,10.676287912353493,-2.571400196384282,-15.767006677373972,-18.103260178786716,-28.85128888620326,-31.271165519991264,-32.20226681393368,-26.05894854648721,-33.2729029162643,-31.562967622194044
-25.757682990907664,-16.635729819594747,1.0545844872466656,1.7798373876248843,-13.843669548483959,-22.302802532054596,-30.96153763273461,0.19546695209757672,27.89129705960894,22.854342035662864,16.57256014951871,12.56692902780532,-4.511683690745376,-17.338338080398923,-25.286435370712315,-30.98427409320235,-32.67884626847182,-33.65381532122914,-26.892613788072495,-30.325947127898655,-30.7
-23.099999999999998,-2.2423959186547133,11.41468438799942,9.747909327039002,0.25121258996612905,-14.639953061904666,-25.305209176700043,12.434384831216052,28.953168981720648,24.314427858475206,24.254175550073782,9.260327745195783,-1.4903632009849552,-11.266604998459549,-23.472873763037228,-27.976374728258424,-32.295080553551436,-34.7,-29.881785727870962,-31.024241963080534,-35.051896669885544
2.3440907120915284,3.3921923846257047,8.638319214339443,10.172735047631578,9.09258769160781,-1.5733009776245934,-12.979329615026224,-14.420596791003014,21.191736671069602,31.099548082851523,15.39125198580867,13.660243402032172,-2.6404784733855426,-12.434335383311538,-19.045040700542913,-33.45408941427822,-34.76662958894885,-34.494745482895496,-35.26047375924642,-31.165949161537508,-31.09441735848531
-10.227463389889031,4.571554203324504,13.448628424238565,11.172287142747454,16.400947447721247,10.877831092289489,-2.1886577826460383,-13.07934892840214,-0.4867243930593774,32.836271183262426,23.67521572113431,18.79385241571817,6.128355544951823,-9.977307799305875,-20.090369445110863,-26.435447331885342,-32.25164914439129,-33.54805992547668,-35.633066759150196,-34.979885325789944,-32.05060459914667
-3.9366434510176376,8.230445634260159,9.922944809411963,8.346305398188541,18.641234181409008,25.585884400173867,17.229062744112458,1.1982058770330597,-8.714224560240437,30.42080089033024,37.72921341905383,22.02310883939076,13.300118431993717,-5.486602276429033,-21.07488591446125,-27.86698385285773,-32.62039085817643,-30.915887223856384,-31.009856485934975,-32.89897266943039,-32.265998138924196
-3.906362529671017,15.52914270615124,15.466463179832793,19.28833045871942,22.159504011426243,34.15864024685096,29.486555144152664,18.255998116863392,17.49174028980735,11.924577694761627,38.99838701928344,20.673237657289985,17.90139411662892,-3.2841478093828322,-18.63019420932336,-25.579272813992823,-30.600872635065414,-30.205121169985667,-27.19319767883137,-29.390565313982766,-33.323644004644954
