webinterface/fuku.json
{"header": { "parameterUnit": "", "parameterNumber": 3, "dx": 2.262216837929639, "dy": 1.7966305682390427, "parameterNumberName": "Northward current", "la1": 55.38746568239043, "la2": 19.45485431760957, "parameterCategory": 2, "lo2": 163.6545573792964, "nx": 21, "ny": 21, "refTime": "2017-02-01 23:00:00", "lo1": 118.41022062070361 }, "data":
[rows 0 to 20 of 21, columns 0 to 20 of 21]
-0.9211382784680406,-4.274302788013338,1.1267317506861378,-5.046340541172278,1.8386064065574752,-1.3063782362382041,-10.462125181619536,-18.62884085431564,-16.423044985811433,-13.943009000929464,-17.38498597120673,-30.814231127962973,-1.679119159313597,1.9428649036424273,2.2838636441065017,0.06840402866513375,2.2652475842498525,-0.4698463103929542,-7.280231775023252,-0.324614759733475,-9.572912647987206
-3.999960775180691,-4.854836814529753,-4.793142756167081,-6.819983600624986,0.2582562755985056,-8.26429682829663,-17.729708323049902,-17.923501104822186,-24.540075636391677,-35.75613033484282,-25.99892467952229,-18.89178567421095,12.074014356406268,9.141509190605122,2.0923243358493377,1.521690426072246,-11.0,-6.70853828439726,-0.7190291260903714,-3.168602928533834,-5.572033313915954
-12.170665411242261,-8.061017305526642,-9.702393792203438,-11.555388485582897,-8.337432198458545,-17.404746558527243,-14.06928803100195,-17.989034886343724,-23.438424521690553,-19.457697725937944,-16.86343012718385,-3.345186379699727,17.923501104822186,18.41898607859321,13.840943286612061,7.573555455601126,6.2042888439769115,15.459257596345672,-0.9556636902945156,-10.970310995584153,-13.561511971874173
-10.568265244367971,-8.798003754859923,-11.293634865316818,-7.803572849017986,-12.6439708952528,-8.175325800837403,-13.5,-13.840943286612061,-9.205048534524403,-2.50986417588661,22.18477434591721,22.774551403933458,12.6,5.046787864462488,5.9567670262756955,2.496947748567507,11.811648117874231,4.61947293461924,-7.7168958243677865,-8.276887468481185,-16.262526525069447
-3.0943092789133644,-8.16339339757807,-8.066139304626185,-10.960155108391486,-6.798502588812713,-16.0975478920179,-6.761169864675644,-1.5454687812356769,-11.017262283218676,-1.2542878234085513,1.6834557168606694,3.66399185434381,-1.2255929590480283,-2.4092043429829566,-2.40991953439914,11.69287267612342,2.069549699963558,0.656110538007018,-7.426241299957513,-14.16354706002649,-21.276269880624454
1.0549740469210394,-6.719059396145293,-14.233594159991128,-6.824958041162064,-4.873804113816085,-10.176304724358141,-10.114574148284927,-8.580420445077431,-9.802594478220618,-9.927945043792826,10.955253128218622,22.119701422019663,2.1063525810321693,8.273279985684962,5.398922972037743,5.8921475403633154,4.948635947748781,-2.091737825943795,-9.701931002823272,-17.404665366843503,-27.01147904132612
-2.95517508156316,-16.400947447721247,-1.8584804413942304,-0.1466002140731783,-15.356917331520746,-17.250527017021525,-17.213485607334636,-31.007278943261635,-21.780029508565185,6.994934287878306,24.678199598152,8.251936305644408,-0.5229344564859487,1.8127067596260442,14.682072559593838,2.7179011100922805,-1.0205511467374073,-6.767472176811348,-10.642330051907617,-19.262424001636024,-31.94405327806139
-1.0237024846032388,1.7560029527719714,-0.4464414319624015,1.4466247844039557,-9.586285512334165,-4.902684435961459,-15.803013449522203,-10.114258385171507,3.901503206422792,23.660541882764285,18.26397222282806,-1.1109406435904312,0.31493147608141103,-1.6180339887498947,9.893969187489049,15.154346248410933,-7.195056213503165,-1.334566884195071,-6.164510307176029,-12.484271791660861,-17.68244140993708
-16.92632294795509,-12.747792632770444,-20.222752371262434,-15.174074690898564,-2.9389262614623646,-4.084792762612699,-4.6806636903626915,-3.5854900389840867,17.570657097892642,22.096961799871526,14.18277863398975,2.2306006985677245,-4.0600990818404386,12.618104049466092,17.702489737555265,9.338521487961469,-4.4077278453365,-1.781861092759399e-15,-2.375814790345865e-15,-2.6063306208986092,-3.263683719727696e-15
-4.771251183727043,-2.707287198632224,-6.664586655135109,-5.164045682200391,-1.169486818890947,-20.300495409202192,-2.499619237890978,12.6883090185131,20.78550761319691,15.937634789186465,0.5244492307822772,2.225660909779461,10.49644878522415,9.171530183313372,6.061738499364373,-1.401497449159196,-2.0230311005254484,6.694756444331851,4.473818227855572,6.123616442242875,16.9299970946206
-3.5220240244087617,-6.694756444331855,-7.887122254802967,-10.012597271166172,-15.404077037203828,0.9881290168164639,2.4519664923481317,7.700000000000007,2.393312618976345,-1.6004906610407525,7.522354632404195,16.45327773190616,10.77021082118661,8.386705679454241,1.971780563700742,-5.143516556418884e-16,0.6630904373475182,7.8866537965491705,4.191591377032908,6.773612336241994,21.089218480715658
-1.841570906844906,-5.443815515121531,8.594999277668935,-0.9347367481712782,-13.650264369720707,-10.574178932754137,-1.51036893851961,-0.9386067902413855,7.564148604794534,23.09900698988859,21.376963708836858,15.464481538001,23.696390375206473,11.404361411171484,3.753617771282992,3.8027196585657164,2.9731371786939587,10.192200271104928,7.318491516785129,6.335595834129348,18.73558280451693
-5.487282414275001,-2.246158454560833,2.6445701206716348,-0.5689484498554453,4.671135979240425,14.532629479245355,18.518012885467364,5.4783487087836065,21.142826630083796,20.93235865570344,16.738594686794706,19.156140726677517,29.926921507794727,17.300181161591087,14.867564249362465,6.312095448209278,6.61940431651507,8.349973224405497,10.97164680520618,7.526403207602889,10.379195517657152
-15.44561441565581,-8.745180940811013,-3.7791777129769306,2.9004903730425076,7.288414160741227,15.169787588602327,0.27889837679250634,11.050362743098498,23.182002853378464,13.843669548483959,18.248508509066813,25.0872838511165,25.40804002771497,19.416407864998735,16.98699379125247,7.447309564436232,11.923183445247108,16.23221314873461,12.849006154165783,7.630359053011769,8.297921019068605
-23.355701432062062,-21.211440221575806,-9.747909327039002,2.619687304303768,7.787228258248673,8.343458848123579,15.809634454777544,14.934484037884376,15.79159407414951,16.929582192929416,19.697920043814353,26.42473985515344,24.465238626059524,10.23921385828251,12.67603924335812,14.071713811929389,9.560554744433489,9.233851419869469,8.467065645873557,2.9110018077717847,3.8754451202836866
-34.18159983002413,-27.686503812678225,-12.053955846910121,1.2931275550434413,9.69344177433268,12.362645316281592,17.162260556720327,11.198294185751582,11.839153193224996,16.002782574194192,17.77189494934585,20.91488213713154,21.225802935923582,7.005143296877556,15.193623209846598,9.472843233016667,4.592712331682157,-1.7637217253872117,6.208649099890676,2.1205968018214105,-1.879832836691187e-15
-40.01037365484107,-18.262849190200324,-5.5673135642212825,-6.825559592577449,4.793421766821954,13.181872945269507,11.266605013199667,12.876182426061852,6.154186048205691,13.477707442848164,15.155690957069664,21.815965026822838,17.03492933736885,14.420596791003012,9.963643776476482,5.438056368231527,-0.5637127279242602,-2.124762196520658e-15,-1.0434949514047822,-2.1694263334422947,-1.8369920641273334
-6.807733744315081,-2.1196770569328187,-1.679119159313597,-2.162281584504698,-6.3666984434966105,1.9428649036424273,6.901231972952596,11.266604998459545,2.9783043605454087,10.104855716060786,6.218469450704145,11.874668424728185,12.42247452931933,10.069126256797396,7.310706170724125,1.7532545341386188,-5.506493169416129,-0.6021080220862841,-5.584710401936245,-3.8266973829216306,-4.370035370146056
-14.076895702124084,-10.76990678539355,-1.1766025270933815,-11.17228714274745,-15.838210846465138,-9.127584057548857,-1.9025711840724713,11.776698671915906,9.287254673217538,7.58085053138826,5.902894252631894,6.84040286651337,5.142300877492317,5.305028659480568,5.76082073657528,-1.8485465542193187,-7.4458798987819295,-4.119183807093984,-6.92636653216858,-8.075742850944751,-10.41387271043573
-17.051476133741616,-30.716441275992374,-34.60542105377948,-33.47520255652188,-26.622441439392226,-21.46910616353041,-10.352265305692088,1.845075249479933,13.418729087126783,4.818181523239117,5.302495146578508,5.90107422833747,1.6330492016289722,0.3836606055926894,-3.7160710020723107,-6.433600154234537,-11.232101328771908,-11.252462715414504,-11.286664729747072,-15.341042901187388,-13.036309450873736
-55.86358681455015,-57.9555495773441,-50.588521590444564,-39.54693803716334,-30.499940687935517,-23.91813739583862,-17.717309776905857,-4.8916799524376335,8.156532451595494,22.426868858616743,6.876467835610441,7.5244431531647065,-1.881512338817754,0.8799847533485708,-9.905849974782297,-11.388626006122404,-18.386859274288934,-15.390277941170636,-15.700000000000003,-14.334736500002832,-16.97924469025905
