webinterface/fuku.json
{"header": { "parameterUnit": "", "parameterNumber": 3, "dx": 2.2622168379296377, "dy": 1.796630568239043, "parameterNumberName": "Northward current", "la1": 64.37061852358565, "la2": 10.471701476414356, "parameterCategory": 2, "lo2": 174.96564156894456, "nx": 31, "ny": 31, "refTime": "2017-02-01 23:00:00", "lo1": 107.09913643105543 }, "data":
[rows 0 to 26 of 31, columns 0 to 30 of 31]
15.26486573081567,9.15469547432487,11.344255369244735,12.397389476932196,9.757235188055057,7.2103384794107415,-3.6176634202290137,-6.154421095669801,-11.667261889578032,-17.192746642881193,-18.38917489379555,-15.49352889491748,-4.3832566716036805,-5.207031648481176,-10.125169603617561,-13.937508342004081,-25.796070535034897,-12.352814256337645,-2.516368065618361,-2.932592948268743,-3.257235742668026,-6.180633150012489,-3.523804438347299,-6.066583561746467,-4.110954559391704,-19.422174609143582,-0.17801454566029268,-1.1419715947936857,3.3245719667585543,4.817740365783779,7.395819580462239
15.80419765350739,12.458713956737768,14.587825779638942,17.24561969494225,7.46805208619579,2.499280409439629,2.2935548770899246,-6.742918681486415,-11.365568845350683,-22.760053191920242,-20.996801598284218,-22.040416619912772,-13.99490073814264,3.0677402318641193e-15,-22.114916358114492,-14.657291616684843,-8.900965003841158,-12.52937098234688,-5.830039223345238,3.052904034337845,-2.888964624466062,-4.51052457977236,-12.5648279481301,-13.909331898562584,-0.5689484498554453,3.0283665448744843,-2.2995866360913944,3.820987252842303,-4.986857950137832,-9.248036941337954,-10.32971307413578
20.44514865031935,17.579850038461043,19.69615506024416,18.629677944499132,7.48891265349307,2.7652254878762057,0.3089075939399179,-7.687322554132615,-15.051005393888392,-20.423201232945246,-21.270809090272422,-20.91488213713154,-12.516814868960354,13.083260859948613,16.553208979033478,-7.717838495572293,6.542556970607735,-0.1325373001138379,-2.065674876257918,-7.698037718272273,-2.4984770675477392,-5.720359250629787,-4.050221355190738,0.7793693653763659,-7.9214354201566355,-1.0888642971180338,1.4021051222569194,-2.059761894208969,-3.9340494855583152,-6.212624942979452,-5.716922631501601
23.362726966054403,23.609814344774367,19.92389396183491,10.898339877204664,5.575441324182692,0.5165125511970112,-8.3,-5.938354988906676,-13.481910694487503,-19.986769399627438,-22.62328605142961,-17.87546867210687,-7.134190324582985,8.811260050460463,5.584083146796427,7.427310243439825,11.325289159640393,10.156372723180587,0.9876883405951378,4.504313745982243,-3.083017875641647,-3.6409636633390865,-2.452377924075401,-1.1460779726017407,-6.335595834129353,-7.365227221534634,-6.923459304231389,-4.454030876008526,-7.323756379459898,-8.081030895363934,-2.9998315054358793
21.113454661752407,17.626771623599954,11.7120445893676,11.053067888292004,7.11333654994356,5.265746651658029,1.1498130959441868,-5.969743712062065,-14.635829323957008,-23.11643847133335,-19.1148308056571,-15.5,-7.095685400996948,0.9825675547159415,8.573651497465942,22.276217453549055,15.097700196861508,9.754308510822963,5.886166765140795,-3.347747486915352,-6.973362886642219,-2.4000684419659137,-3.804226065180614,-9.476700578344996,-20.931810937211594,-10.970103300310635,-12.27391942303481,-6.3444659924833875,-6.542556970607738,-13.005034445854399,-6.970101233946331
17.499439899830822,19.25298617001461,15.559962497592888,11.245172745319305,6.641444305960396,-0.5913963055452667,-6.154421095669801,-4.120304599280432,-9.309243304194206,-16.43794313173031,-19.958546141819436,-20.31274544636117,-17.161077751889366,-6.199765527133697,11.579495195317016,8.054772816344716,13.297974345580005,9.700776466210565,2.8343832847326995,3.165095121490066,-8.30888721782426,3.9507533623805506,-10.18839109348241,-28.271697055674164,-24.283608846871605,-17.710194330278725,-17.1137795946957,-1.0298809471044845,-6.901510203794726,-7.327778750426549,-6.699060130684834
19.92389396183491,18.64236844737902,17.31321253298836,13.950571967171046,4.150000000000004,-1.013926093696234,-6.419067988708342,-12.223599029668668,-14.833519560029973,-18.528343833097193,-20.66381754443562,-18.64070771938501,-18.760571191658656,-7.445444195728564,10.607718369691549,-2.240686925457054,5.785088487178856,-0.8530854038360324,0.27919597362000764,-1.2463271212915112,2.299999999999999,-22.8972985962235,-26.79934700697015,1.5986966637385935,-22.33020043561611,-20.242915893708428,-4.6280707897430835,10.24657502816623,-7.567053187001421,3.211898789229315,-4.865919729358759
17.097395587174294,16.641126930547976,12.94427190999916,11.892549817311727,4.164525894496238,-9.514557037793445,-8.626320172172374,-8.98332259111663,-11.457518163526085,-15.503513520877599,-16.59659099674549,-9.636084130697576,3.4971568265563686,5.629482196770382,8.248907562799076,1.7192169653528049,0.851028979678332,-0.7526049355271016,-10.142221176035218,-13.474983886674945,-15.531726852477538,-20.409478518414097,-13.896257874822894,-15.094211139893833,-18.48753786797743,-14.14884435502657,-10.188579333007421,-15.870375325136,-6.676982729338381,-12.741393295893662,-14.515051608668616
11.807366046381842,13.841428313007171,9.578461823261408,6.9946445022804316,-1.5147110911202253,-7.754854749236546,-6.994644502280428,-13.597392930027477,-15.3,-15.99853402412517,-19.666878978695305,-16.689086491947137,-11.4338452630032,2.1275087245471425,4.395170085171615,5.510895843520262,-0.9046251562404254,-2.4404198584547987,-17.923501104822186,-17.882898936508763,-20.31142052759852,-22.915036327052167,-9.502737904852546,-10.703951631518311,-18.141156377662462,-16.489731634366123,-11.189711634773309,-16.18033988749895,-10.90682888364939,-4.769273378098844,-7.929958065276475
7.464168054714274,3.880957516881377,-1.4692292643993974,-1.0011805762574764,-3.187823033893586,-8.791185534255504,-7.801306460706548,-13.899701777338537,-23.964487263546,-14.190422482757462,-14.383379053333945,-16.000425150312306,-4.926428090130641,-6.674767078498861,-0.31758541999276163,2.4069762814793583,-6.630536703461641,-9.270685348380972,-20.247655335189776,-19.324071995432092,-20.8288364342513,-14.481404199311559,-18.36530993146568,-21.55497688643108,-21.433892498102836,-11.855755956095352,-11.950293312656058,-9.308422164150565,-8.544382442703213,-7.228525877051564,-6.835958508608344
7.840803823691297,1.671247785185003,-4.55,-6.434671708797581,-4.2359255052211475,1.7613968679372012,-9.510565162951535,-20.93235865570344,-21.780029508565185,-16.382322916269423,-8.653412307907567,-8.942771394497179,-7.581641345650429,11.06137127954636,2.9645447434854098,-1.8159619989581872,5.355306633392998,-2.6820608115490967,-11.934637433194757,-1.1448539722592694,-2.6884478510620426,-18.12190565797074,-19.705864766735537,-17.753520777580995,-18.68624715530605,-8.85679689137185,-4.5087294682909365,-7.210533048740758,-8.650000000000002,-10.094746268237062,-6.997632523482762
8.56459165073159,3.2500000000000027,-0.4710236061864955,-4.88250425297326,-4.574800718694057,-7.966862208437373,-13.026168677193722,-16.099319951700746,-10.845284368528509,-13.644306844686227,-11.03033663143226,-13.339486140170399,4.418423296571714,0.6819481947043203,-8.843607602632533,7.740640809913006,12.621060244175993,3.547842700498477,-17.78475685471937,-17.119017293312762,-13.522339729351293,-17.809043031511916,-23.07065324462333,-20.840223986557408,-9.926889244673387,-13.106432708623869,-8.9663501252087,-9.834650428204053,-8.446624428524887,-10.680584456291268,-8.266740522037995
8.548605576026679,-1.6633716654180335,-0.3297165243305468,-5.933385732543737,-12.398111419939251,-8.224049428726909,-11.282594222098206,-5.620697093414409,3.090228449460327,-6.798373876248839,-4.063367357406161,-6.365750084123913,8.937178556755164,-8.46864465176245,24.78822341939575,18.870349495775027,-7.751756760438799,-4.8104083892666765,-16.26291950030825,-27.493528400464623,-28.882394900851867,-26.67590106775157,-12.078417756948449,-13.69406641027328,-10.182337649086286,-9.522520350271456,-10.694584685960038,-13.862277207885153,-13.868989263478307,-14.966814395936527,-8.273279985684963
10.382164271153162,2.5351464390438103,3.1124351422024517,-3.5708365568888194,-7.757270783872531,-12.506094635903636,-17.80193000768232,-24.596253300847227,-13.787308542170912,1.1356902504718913,-1.7439118436031305,14.466434206669547,-0.45091657059904644,14.695722249387364,21.840695325069756,2.8095494506193424,4.387972782065773,1.8066926699728463,-23.377727657537953,-13.331811915950368,-15.01220316622309,-21.518961015997302,3.66399185434381,-5.295972203738026,-6.437975936375677,-4.583069920563962,-6.8255595925774495,-14.481404199311559,-16.43794313173031,-13.685247584253414,-8.069177054543138
4.73761543394987,0.7167358990906014,-4.00179958961678,-3.059706720070398,5.356153706053231,-15.887916611214076,0.7068421917498547,-5.436988179434517,-6.309220529373613,2.753246584708067,19.33060192250125,9.161956967891724,7.199238582441661,30.686589365135617,19.828869105642813,-7.336107005503542,5.8560222946838,5.58471040193624,19.27139273537589,6.841600689897065,-10.740836469977353,-4.8260799916495625,-6.153786140176196,-7.978472076288048,-8.73290665155635,-12.210958193360586,-11.811648117874233,-12.652419038011649,-9.376873826642578,5.681922244248054,10.425759693202016
3.381374444252129,-3.221766987083541,-9.49813867695197,-0.48747737362059074,-10.413159276921938,2.813100478204271,-3.5557218900392895,-2.640478473385545,1.8767878884392697,14.879808953945743,5.0106717487080115,5.322281703192692,17.16722213655192,7.44220860705897,9.586843533643908,22.828520365620523,8.131727983645296,8.544758030326971,10.249234186059827,3.5908166012035196,9.358054424950003,-1.6496576878358389,-8.05530100543792,-2.8387671896030513,-5.282728271758743,-9.053614600069002,-9.051892885304088,-7.57784547853483,3.6797310128626113,6.041094401668458,2.701959132272783
-0.3775922346299025,-3.8252190238521413,-9.580576903772835,1.3066057908456667,-9.823216773581702,-2.490620541896063,12.137092036324383,16.130330653532244,9.248036941337954,33.42103358960176,25.6536085474553,0.16405262051046487,9.102545918450637,14.440201815041835,18.91039097320184,13.596216189902686,6.1221605655294695,6.755177077175794,4.549582254873574,-4.716343589779208,-2.014543984597396e-15,-4.851566811686674,-8.496368946234423,-4.963444622336693,-4.171808406771438,-9.998823224707252,-3.9554175279993276,10.92289099001726,5.939696961966999,1.8927651365695404,-0.6541994530367996
3.08144647592461,-2.51728156419935,-11.055166769479754,-2.2897079445185415,-11.033487869344771,-6.186322282912397,-0.7741500659189366,8.356593817588859,12.725554408173565,18.418359286530208,33.61847284124771,21.93603095390415,19.36875342577496,12.57553684278545,8.198794277769561,-1.7101007166283453,-6.677368535503051,-3.113045854300595,-4.033486801864533,-11.145243230858842,-8.463382774852429,-10.823252259152882,-2.1143709023172725,-4.398329893135601,-6.457763373179765,1.0245242482348889,13.980530789538756,7.848885271170676,6.060120253079212,1.8889748227797845,1.1928357010245434
0.741886969926487,-5.8376057245748685,-9.727004231534968,-0.21640983982231082,-13.840943286612061,-17.436604498203835,-12.592528216791978,-8.836846593143427,-5.251180542472153,6.0851407065849275,10.955253128218622,16.350651601674805,20.39132987105421,14.283346227555269,-0.5688617962507709,-12.967758166845536,-15.058010258783415,-12.139570809112474,-9.255339932121316,-14.050000000000004,-17.223141426899005,-15.032037366414748,-0.8105484075532207,6.407241864952338,11.683965556628513,9.085973387442388,9.141921270239632,6.30252506320238,3.391511774783745,2.377803868611508,-2.3520254062251063
-1.9798989873223327,-7.544241910250879,-8.838834764831844,-9.617096295401085,-17.697304204268125,-19.706334567957246,-23.832347622895433,-21.596710215378053,-17.376153904729584,-13.883258146535962,-4.596516016393681,-6.863370159843284,-3.358238318627194,-8.76201664497325,-15.897409587484185,-18.410097069048806,-16.476266117245945,-17.285526569254337,-16.126047613248485,-17.731961068509744,-12.503966312452807,-8.345291497146318,13.980813486564033,12.813733569612854,12.244590292003188,7.34214328245499,4.622946549134373,2.4484393051037174,0.8321417042628071,-2.3934473151155333,-5.438113707842905
-8.4002395468807,-7.853017467581312,-8.332875042061959,-5.9290894869708195,-21.517805478781707,-27.89054686112115,-33.39491301822347,-34.678861697562624,-30.223263222211212,-25.767951642939813,-21.123707312636885,-24.233092885182533,-17.32200837780159,-23.05154457011245,-24.24695399745748,-21.543921265757817,-20.849088650430325,-16.971912553901824,-22.3617942813242,-18.688292570061286,-13.048046823997735,1.2216004070216808,8.468644651762451,10.244139796887385,9.652159983299121,8.637684007001239,6.61940431651507,3.1292675241753347,-1.9024180314712926,-4.906344933542585,-4.736421616508335
-8.926720681739166,-10.765802912487,-8.598690178344965,2.1823947521999956,-28.186389178830336,-39.75590092963039,-44.69086945164012,-36.958823299203765,-24.061729862267384,-16.553208979033474,-30.339325124955433,-32.23214838929747,-32.05392292293743,-27.51130969458388,-24.415541290237446,-25.886452481203786,-24.459621297916783,-24.85572852541342,-25.213854630935785,-9.243724248105043,-13.530043479954653,10.405248144545238,14.922676305990748,7.511545004574255,2.393777336513124,-0.8059737261413371,-2.4633638869931587,-0.9420472123729914,-3.6292469132388456,-4.669092585073586,-4.427170689473918
-10.074421074070404,-12.868576248351733,-9.663088571489931,-14.753174146338761,-21.706899540154485,-19.25298617001461,-8.76492687389221,-15.068442890109464,-38.576485922937096,-57.181575670466195,-52.21298231743835,-42.15331229984494,-35.41759729372831,-26.12501972669699,-23.573991534027993,-26.035076552002273,-28.855354221647264,-26.23593452183338,-3.687522444837336,-12.575397055470916,18.454591048816084,11.101033589657373,3.4594831070752496,-5.237109760522984,-11.356813439750715,-11.62252753543069,-6.194625512591299,-4.878781197960885,-4.969325665968398,-3.908739787373878,0.9629815948701667
-8.288625138462963,-9.348505816461769,-24.456688626109408,-11.59110991546882,-13.885425137909241,-12.103948559303607,-7.819508202802752,-48.02835407290525,-66.90529589019232,-68.08889862456812,-58.09129458671517,-30.75,-31.642383331769018,-21.37299272836326,-19.98984378033509,-23.28485446884399,-25.88874333132612,-9.558895325920739,6.222914639137381,22.36930157850245,12.716337755775035,2.55731379705844,4.948923195565031,-2.13238065066013,-2.783462019201309,2.619687304303768,2.9505371141687378,-3.5490473140037357,-5.292237231686384,-0.6875200850392712,-6.09540560443267
-7.746068523300586,-8.476296891445699,1.5426902632476942,-2.8190778623577253,-12.13925975271885,-1.8280401510772122,-40.1784462073254,-48.985292248481706,-70.2986061152393,-86.8867647090904,-37.9536057782261,-16.511407388839686,-10.9191256598081,-7.287786735627831,-9.605520115780486,-18.731915355157028,-17.243378714765548,13.482986309631913,26.688290106630838,19.513612427547873,11.516563156212023,8.959198738632507,3.8897191797392385,6.092255142270105,17.113676617888586,15.07239761491745,6.564282958619801,1.0414855292345824,-1.3602512380104421,-3.177761651304827,-4.001635676910325
-3.808015211139158,-3.983716857408416,-17.219847953696352,-17.06070045455344,-24.81365379103305,-31.038560319325192,-35.895056036898694,-49.173252141020264,-55.07859546025453,27.876589182211248,30.15583076998094,22.740081854902407,17.249031156256315,9.745867172006395,0.8691298405767182,-6.7737193358673515,25.4244963587993,32.3231007515506,28.783838397598338,18.453604690751572,19.508932122544955,7.097385767166015,4.944271909999157,15.103689385196095,13.177145998574055,9.114420860631135,6.218351750131692,-0.7677889274550238,1.7456253365698142,1.3596295868634685,-2.931554840530408
-7.112201552738926,-18.35697791064118,-9.044100030661749,-14.778531726798843,-27.9,-24.053795513935913,-25.210100252809532,-41.651654168729905,-12.245998589166032,50.26131862109661,66.50657603807213,49.55700410073041,32.76911508245517,20.857014663536503,19.85000000000002,34.076725042422055,36.83595073480761,35.334642998431065,18.914120112963996,21.20120240391065,6.737796823515674,10.301681318937582,7.663621460498694,13.833831489381687,6.218351750131692,2.8151818326589044,1.4648859486266321,10.985634569189846,8.785511490437287,7.142248623417818,-3.5137075748201343
