webinterface/fuku.json
{"header": { "parameterUnit": "", "parameterNumber": 2, "dx": 2.2622168379296377, "dy": 1.796630568239043, "parameterNumberName": "Eastward current", "la1": 64.37061852358565, "la2": 10.471701476414356, "parameterCategory": 2, "lo2": 174.96564156894456, "nx": 31, "ny": 31, "refTime": "2017-02-01 23:00:00", "lo1": 107.09913643105543 }, "data":
[rows 0 to 26 of 31, columns 0 to 30 of 31]
9.538546756197686,17.217478060749077,15.614027991436485,16.451891506974235,13.429682106624128,1.6646378021446009,17.019768252768216,9.476977417783296,11.667261889578036,11.165100217808053,-3.9087397873738756,-11.675211449149735,-0.38348526808969596,12.887855578478346,29.40562770113876,27.353900292582896,0.4502720860819159,1.0807312100709632,-3.730669076497687,-3.144820916962433,1.957144684658207,-3.2863009395012357,-2.95682300455808,-0.6376236259326862,1.8303148938411007,-18.755776002392928,-10.19844649059519,-7.210124886344506,-4.255258069476299,5.350642743437239,-15.860386273141376
3.0720248255623708,9.388314361171954,15.106135807111675,6.967682637535964,12.428925860180625,-0.716657125124198,5.974914729582091,16.689309382202175,10.975602253252163,6.958446572401143,-0.3665005351829537,-12.217202430207694,-1.7183577420125793,16.7,13.287982332679405,15.17806978714554,3.596223296792758,9.789017457677966,4.393249669009952,0.5383093507674844,0.2527516539682091,-1.6416966879632098,-2.4423551408197737,3.7269942494762978,-32.59503486209836,-9.320353859692506,-14.519018606748524,-9.457275316581232,-6.382887104214447,-7.488912653493065,-9.30091542838813
3.2381934263327765,4.710506620865878,3.4729635533386096,4.644900395513616,9.24803694133795,13.009363089759615,17.697304204268125,17.26600914944516,11.759134178720073,7.032272136274585,1.1147558679747152,-12.56692902780532,-3.1207924532357136,-8.496368946234426,13.404524329361541,15.147110911202256,9.69973959889399,1.8953716954936661,3.8849694085792796,6.691802095703175,-0.08724874175625243,-3.858431033948154,1.7192169653528053,-5.545501184952793,-37.26742358795799,-31.180993802995786,-20.051037410222467,-14.655967417375242,-14.682072559593838,-14.636027169893802,-9.514557037793447
-4.541254089961771,-2.065591103119499,1.7431148549531588,-0.19023123016638946,1.1850966376612293,14.790984239882619,14.376021702821681,13.337763681581976,6.575567201836167,6.110568628705205,9.14040087934826,0.9368136167487041,6.423653821045038,18.065760330613255,10.959380247516924,-5.596879715314048,-1.996954043169698,4.953593958716576,0.15643446504023076,7.2084088173296195,-0.32403823612972577,-1.3976350032266711,-2.208131000984232,-6.499731169880572,-40.00137779410308,-37.89080928107983,-32.572315104435724,-19.29252728274766,-13.77398244859926,-15.859916130552948,-12.031667005822356
-6.860177275123834,-2.4772811970891624,-1.438058252180741,2.3494021062406825,2.039716433045793,4.910388192449989,10.939740849051008,3.0417363482549646,8.450000000000006,8.413695525811447,11.485349070494216,-0.0,18.484892444644593,9.34850581646177,4.950000000000001,9.45569330944042,-0.2635313372029799,-2.982191388171913,-3.970269614642303,-5.57158745456373,0.6100901992336082,1.4421066097481525,1.2360679774997905,-15.771878332918865,-33.49789979817883,-33.76250632847795,-35.646050300094245,-20.75181320439787,-9.699739598893986,-11.709785611280019,-14.290825336156756
-5.685912696499034,-1.3462999432616227,2.7436412071375016,9.775279531958557,5.7733194551164635,11.284513742726684,9.476977417783296,6.857338405616899,6.045493288666799,10.674925086294529,10.169387194165852,9.90718791743316,11.575293101844453,16.15094137840159,14.299485690808257,12.890331061577673,0.23211700561587237,-3.1519733426244643,-12.277062816293963,-3.056496830019588,-4.605691392340202,-0.6257378601609239,-8.549075208830972,-21.304251819582507,-20.376367227063295,-36.31127947048635,-30.87407566202067,-7.327983708687621,-11.486041829408306,-8.73290665155635,-10.315647985728717
-1.7431148549531639,4.995207570478652,3.680036927474343,7.417650692017076,7.188010851410839,9.646862385072252,7.926888806861101,5.961847596331458,7.887122254802966,13.96210853712752,9.635696367687942,6.056733089748974,8.748198018032472,14.612506996689234,22.74832545461992,15.943315906739285,6.894399988070801,-6.947823061489254,-7.995126616152766,-14.245584182711962,-3.9837168574084183,-14.307820134296533,-26.799347006970148,5.57531783644225,-34.38549328576239,-32.395437273175475,-5.515519990456641,-5.2208907470047885,-18.729113862249104,-6.88793918147854,-9.976613913920755
-0.29843615007754676,5.72999951844596,9.404564036679568,8.640443208699352,8.538543439842085,5.716922631501605,6.9854563406532,7.018540818712504,6.351006025227012,7.899434695468116,6.705458022144829,-13.761754344055062,2.8319417597242693,11.048480899935761,7.427349730583326,4.050221355190738,12.170281413169855,7.160557646651569,-2.7175999735764678,-10.527811228068758,-13.984829672900137,-15.94563221093455,-10.471581402845638,-11.374303937573712,-12.470001747397657,-22.64288416737657,-8.856796891371848,-14.799364413356216,-10.685406011570967,-6.492064146275519,4.162124072836684
-6.544929873325552,6.750915660551793,11.01875987125247,9.627302233061874,-0.7717838495572295,1.507391063474703,9.627302233061876,7.229862066902719,3.747419205390901e-15,7.803006412845585,9.170816279773172,-4.161056604314285,19.029114075586893,13.432561432093872,12.764500770590777,6.339560473871284,6.436742446820207,5.481272745855606,-3.160396833538132,-5.467350878315178,-13.700226135033299,-12.70201205045403,-11.73490401800026,-20.131205117183534,-19.454008463069936,-21.88261297529582,-10.434574908956227,-11.755705045849464,-12.113260655281527,-7.632432865407834,-4.040515447681966
4.847287411633741,4.310239987768886,7.558529312547012,6.321205379808882,0.2788983767925066,-4.099397138884784,6.095048605724016,7.082251795936933,3.367989043233594,5.447192833088572,19.087388690130304,10.79242303698541,21.33870441879665,20.54282075197532,9.09445652587377,10.425759693202016,16.411154225832135,15.429011412638022,-4.303771999927618,-9.424979655965164,-9.273595462128245,-10.521356016035268,-9.765008505946529,-14.53901549023942,-16.745992128857907,-15.733119547931668,-10.027486711110011,-9.639153324537924,-16.06964619003247,-17.029339788870146,-10.939820440417895
7.571776238003071,1.9917155521093426,7.8808311744383905,6.434671708797584,-3.814044456245492,5.421022142882375,-3.090169943749474,-4.4493101835000495,2.2891733455616095,15.27676326539996,21.41794704049279,18.335398544503008,14.879808953945744,-2.7579096098362124,0.9063522846404842,-3.564026096753471,1.637281546447326,12.618104049466092,2.975639315875915,-5.889763100685984,-8.274191691767834,-2.5468677475691974,-5.650565794248483,-10.249999999999998,-11.227830033039181,-10.188579333007421,-8.133963276396381,-12.000342209829572,-14.982239485470789,-16.800479093761403,-9.993654940325698
4.553874159023141,5.629165124598849,8.987665812791164,9.182654965732842,0.48083093103120567,-6.684991140740008,-13.968855700926158,2.549881780155767,6.011639291054577,20.228516770343013,23.654633241656562,22.20063308818471,1.875509416748513,-4.852313536833695,-2.535863673516392,9.558895325920739,16.154220448937803,9.242446222322297,-5.778617794811516,-5.562305898749053,-10.950174804267169,-13.913949342359878,-7.943862968754623,-3.3007672123488714,-9.586285512334163,-9.177222981616737,-9.958140661397083,-11.720479979720364,-14.057543731514642,-15.834617635801296,-13.229550300040245
6.922524301548214,2.375540928438076,6.291366068953815,6.3627772040867825,-0.21640983982231554,-12.663925575975902,-6.254044101177748,-6.242416534010112,5.143003804212673,20.92324335849338,23.04450142048567,19.591764235680166,7.237184497073133,3.5947263821013196,16.719867813775323,8.009988134030108,3.949717347734058,-2.666452911354854,-5.599772256663095,3.3757808123225783,-1.008595454702278,-14.78669341751328,3.9245158285618347,-2.9107636714486307,-10.182337649086284,-3.6553530853620626,-7.213588454772635,-7.370703535738485,-10.835641965731586,-10.874027167410754,-6.942106184614625
2.588564282916442,4.767917001438206,6.381437728724084,4.570462370918986,-0.8153220134876971,-20.013935069291655,-7.192446593585511,0.4293291983571756,-2.4310744873370247,21.670260904174253,24.939101256495608,4.9811927631945,3.6724207610728916,16.90549459699009,10.652418866974582,6.953878909250905,-4.237416059799882,-25.836908901729444,4.969089410544461,-4.590510977845909,9.749038726768982,-7.8322612821578135,0.5149404735522425,-7.027992488416177,-10.714591258776403,-12.591881118531171,-9.747909327039002,-10.521356016035268,-10.674925086294532,-6.381535752284561,-0.7059615162560311
4.737615433949868,1.8671608529944033,5.122069898443692,1.2362017582725104,-7.1078560394209065,-21.08397746524853,-5.756767679519668,-15.790160212508589,4.754338682901182,17.383314794474423,8.205353698274745,18.784795567652584,16.169754600274036,18.438363081779936,3.854341706606204,1.559337681133199,0.7190291260903692,-35.26047375924642,-41.32763508887124,3.950000000000001,1.128907403290657,-4.049561941025197,-0.7555899291119144,-2.287790053281093,-7.327778750426548,-7.049999999999999,-8.581664683470107,-11.798571629081223,-11.579474825708864,-3.5504590703624728,2.406976281479355
-0.3553967751100227,1.3675589497124585,5.935095759411896,3.970184606565288,-12.409919978527443,-15.953885598797768,-12.400275877604313,-12.42247452931933,-15.28521073527636,7.5816413456504295,23.573357177684716,21.34650597807192,25.451453477439784,25.954065790334614,-0.5024251799322605,-9.69013198653399,-8.131727983645296,-29.799112574087886,-38.25066272104711,-41.043221561379916,-11.977763454822174,-9.355673653615977,-9.947468306649228,-7.799448752523039,-11.328847337958123,-10.414992207074253,-12.458861713374189,-12.127087775036891,-0.3867553140903188,-1.3946965369319642,-7.423571704208677
0.46628757687418243,1.1694868188909484,1.5174143108902418,12.431523692103417,-7.402324784770194,-3.9858260519352022,-13.962127234121285,-20.645881744496116,-7.488912653493065,-8.955138960547227,9.337149912790755,9.398568334470077,23.71294283302892,4.414812741313326,8.419448511669064,9.170763616920246,-16.820497912067758,-25.210664066144684,-25.801963128919848,-38.41153606851916,-32.9,-14.93158730583391,-13.083260859948615,-4.793142756167081,-6.94305513568711,-9.655751349380061,-12.173523408577966,-4.192905009680012,-5.939696961967,-10.734404507833068,-12.482869184432174
1.4369020899183775,-3.108583845827883,-5.391965105505652,11.779526201371967,-4.457818461649353,5.974061985947379,-3.1049463240831887,-15.7164671528889,-11.866771465087472,-14.914893267881146,-14.967908465189455,-7.553181183406033,20.77044512598444,24.680880720017786,17.582371068511012,4.698463103929542,-14.319663035179069,-19.65499797784324,-18.976063454235828,-29.034351264062977,-31.585774519652535,-25.4979844406326,-5.50812451633349,-7.038799198098336,-4.193720569615708,-5.810365742772028,-4.542549817311728,-7.848885271170678,-10.932746339242447,-15.384465350440493,-17.058345259442994
1.1872673346189961,-7.74676444745874,-9.070578188831231,12.398111419939251,-2.6904068348092816,8.504400247708109,3.610849361202686,-3.751018833497028,-5.07100610435068,-0.4255144898391657,2.3286109371589063,5.951150493866634,7.42183711016701,18.28184948367595,16.290070480411263,4.719877977894226,-7.672439445598339,-13.018095888821234,-19.848140536102633,-24.335313846342725,-25.534357234695282,-23.147307675293703,-9.264610692253234,-1.9588904216423353,-0.6123306880424425,-5.459403594046576,-8.524979500781232,-11.370056192812147,-11.093135169171212,-15.012862777046093,-16.735530361732536
1.9798989873223334,-5.0886554215837965,-8.838834764831843,4.690571270643132,0.308907593939919,2.7695447091053107,4.202285899539715,0.3769719790453249,0.9106456386272319,13.406906549858654,18.435618799243937,23.935416228864135,17.276638428678886,17.196425916835505,15.351949987143847,7.814622569785477,-2.0230311005254484,-8.807415694947206,-17.9097902940052,-19.69333787515095,-17.85751456550002,-22.92849994717616,0.7327033874012098,-2.7236431497126468,-7.951729911219399,-9.743353222576973,-12.043187501813902,-13.885789317472133,-15.878209602597725,-15.111631611105608,-17.78726846091246
5.047373134118534,1.5264719630123573,-6.054188098612474,1.81270456928097,-1.8825640433494164,-3.424528549684644,-0.5829103750052692,-1.2110125355767838,4.786894630231073,20.132130243149025,28.03210640265999,28.879875505585478,24.73839173752755,24.71975511472796,19.63479620075494,11.455106131975734,1.4579103012522259,-10.197753883219074,-16.85082064825735,-13.57783932795613,-14.491324096809187,-0.44462618632336953,-3.5947263821013182,-8.003599179233559,-8.099123882050398,-13.823183967349745,-13.57179009911742,-16.09868580854169,-18.100298495702575,-17.110458187702076,-15.492137046601174
2.2256814395169444,1.7051356689385193,-0.15009069536063818,2.3403318451813457,-11.388040439843724,-7.727764312750065,3.125090023736829,3.2334780559381238,7.818129957686175,13.404524329361546,26.3735729654184,33.377366735713416,34.37362397610101,32.78670216549226,26.1824625179663,15.554149862283646,3.437575593713627,-3.4932448340976427,-11.225931348892086,-5.776119980141933,-12.616969661156222,-2.0225753509913766,-10.065472262473444,-14.12716148574283,-17.03261078235501,-15.378894835220438,-17.527744816725793,-17.975331625582328,-20.582482037955145,-18.726707517126734,-17.756411790850738
-1.5956315434103547,0.8998585112992209,-0.8454107046522842,5.369716250212996,-7.900665310822948,-1.3462999432616183,6.1372678689561955,4.037577103599323,-1.3471205727165374,5.002739633715588,26.603843284737454,40.70698050889726,42.209048815855695,41.80877114051181,33.66714902027756,16.268521411959394,6.133394879123916,1.8345952594705046,-1.2697158023829112,-4.330056454280184,-3.5872091130790458,-8.365228821813469,-13.87522888574675,-18.26397222282806,-16.219210476922036,-10.103309046453813,-8.84684207832111,-17.014332018108245,-18.545775864750112,-18.389174893795545,-18.37478343948416
0.4343884368164383,-0.9825675547159427,-5.646271464031012,3.105828541230248,-4.511648117874232,-8.164216390672905,-3.813828977064973,-15.605358215934844,-14.221159651934741,20.816865376258882,36.29946959997454,53.26056233274297,59.51066775869169,50.3516154838485,42.86835832683354,28.75440057390792,14.35036475929157,7.740640809913006,6.911246876939767,-1.1723254198419413,-10.670274320796556,-12.031215489025811,-21.436141425275174,-20.288246665512773,-19.805361374831406,-12.324659769245951,-11.01155441969538,-18.25826561212655,-18.456224562015723,-19.687999292276185,-14.35987571385807
2.3682108082541706,-4.506927002744551,-1.8385066634855474,-1.0260604299770062,-9.147588351911134,-14.88819227461983,-32.5358642172766,-34.29987089379255,-26.98510660076111,-1.5166141193999372,74.48814542214755,71.51876275523627,68.94064617354061,59.354259868151054,45.19041915390182,35.22960895507119,21.293799343921,17.25743550398721,4.705865614773816,-5.595438323085085,-14.221771094662571,-23.339510662430044,-22.059693667473457,-15.870867250452429,-15.958761625462463,-10.553806428859245,-15.464481538000998,-19.872727741616018,-19.452498980066572,-18.02198188012341,-10.994403663195127
-3.0836699161442036,2.300000000000002,8.029746973073284,-9.849999999999998,-3.046733585128687,-19.3950450709353,-34.66345268590396,-58.60239989860182,-46.216429136462175,7.993483318692971,74.63830029262638,79.30408991491132,69.18208528347854,61.53298361907707,49.792415218788285,34.84776501239207,26.327836692394634,9.882163619628503,-3.534210958749279,-9.811955662225115,-24.091524805166106,-20.61230494806511,-15.216904260722458,-18.65150307496731,-15.703911083939051,-16.442850494220643,-18.059404793946953,-21.986598194420107,-16.608515652650162,-15.54063729023123,-13.791881170346658
-9.789105631936863,-17.118158837568714,-4.026692766450422,-14.77853172679884,-0.0,-20.183530944157333,-45.48022477124858,-66.65658035789508,-57.612893683221145,12.531554192062776,43.18987547669165,70.77473662656888,61.6297419815531,54.334380822137135,34.381208530242205,23.86077975220352,13.407189618366212,4.338548625223244,-2.6582062283372476,-13.247981605830123,-18.511944629482397,-25.497556000586656,-23.58620160411981,-21.30223242581377,-18.059404793946953,-22.92781610291454,-20.948845055456307,-20.660973672898887,-19.73258188508018,-15.316601600919384,-16.530694452401313
