webinterface/fuku.json
{"header": { "parameterUnit": "", "parameterNumber": 3, "dx": 2.2622168379296377, "dy": 1.796630568239043, "parameterNumberName": "Northward current", "la1": 64.37061852358565, "la2": 10.471701476414356, "parameterCategory": 2, "lo2": 174.96564156894456, "nx": 31, "ny": 31, "refTime": "2017-02-01 23:00:00", "lo1": 107.09913643105543 }, "data":
[rows 0 to 26 of 31, columns 0 to 30 of 31]
-4.189791278576511,-0.8316467632710377,-1.7,-2.9108871788279895,2.4057176153085935,2.4425929168088505,-4.607661099015718,-5.7077135522174105,-0.5984443341282814,1.227961159835494,-2.5802136033043337,-1.6046780796356286,-1.319726150268671,-6.889099656559575,-0.865272338176547,0.954044976882724,-2.2361794281324197,-8.488351045413877,-10.307085426200471,-14.22667309988712,6.096284044816484,13.1,10.397814721786489,14.29128882637307,-0.04188577544948063,7.495431202643219,7.04470758088533,4.959819536546781e-16,-1.1327767038897076,0.8652475842498525,0.515184287516671
-2.831990918692063,-2.078460969082652,-1.8352590699492297,-0.04886673802439407,3.497156826556369,7.498857713672934,4.272886664379542,0.9463770865284475,0.6553216354311936,-3.804226065180614,-5.051448749470309,-2.7388132820546556,1.0352761804100834,1.795333002384843,-1.4791639160924481,-7.780999592026628,-8.487048957087497,-10.40174194760873,-5.419957911506751,-3.553762716879374,2.460448775271286,6.1520748540052415,13.827636768331928,3.187823033893586,6.738853721424084,1.7820130483767356,5.849367248147507,8.700554755551838,1.5889667490884143,-1.402282587635243,-2.9357170269873083
-4.839672868916175,-2.4939101256495606,-3.970184606565288,3.3128582202697996,1.7096474724774031,5.286939327660754,3.280295144952537,-0.7555899291119157,-4.178119462962505,-2.1836015336109087,0.1809250312480856,5.370418234988676,4.350277377775919,-5.435139797549043,-3.364227027448184,-4.049561941025197,2.148018619266481,-4.41655531769377,-3.380118193277623,-12.160723235208648,0.828220944328066,0.578807520648855,3.0755609690891066,4.3990018774299635,-2.5176893011852792,3.009851158760922,1.6080443759750516,-2.447031024998955,-9.149088179672576,-8.843423423180992,-7.756953923941396
-2.935346987808984,-2.9835656861048196,-1.3388266583482493,1.1593972121062472,3.1946929727270676,-0.8452365234813992,-0.22504461184465896,-1.788040541032731,-5.447885996874559,-1.118385806941494,7.989834531238928,-1.4862896509547885,-0.3348310739718011,-6.9427125689546205,-7.4598077565155405,-9.217809399621967,-10.56550992617015,-20.0500733140813,-23.47199757882436,-1.8634971247381493,3.8483267114133417,2.410678021873647,3.395340418165551,-0.5656854249492381,-1.5049255793804606,-0.7117690049040379,-7.4790729304917845,-13.073159064761137,-13.432561432093872,-9.881973316234815,-4.909640908770615
-3.23084408978756,-3.090962644125019,-4.289525416117244,0.07850393436441647,0.18845728219350408,-2.1534409484228916,-3.000792784274994,-0.4961033879790173,8.266365894244633e-16,2.213863450308665,4.202309105155964,-1.1025494232679975,-10.22253452860535,-5.486602276429033,-17.01093636400734,-8.535021395103481,-20.17803035082005,-23.342998776079884,-9.248589786882041,-2.1,0.9439805865747559,1.9416407864998735,0.13891854213354424,-1.258640782099675,-0.22688128368468677,-6.555615384778459,-7.300116536178114,-9.29433469127759,-8.732661536483969,-5.9472755465880605,-7.243699165699855
-2.6983552329515588,-2.851479931014442,-1.3498539803417324,1.0565456543517477,-1.3156726712523155,-1.0082536376148779,-3.3941125496954276,0.5915078856672883,-5.018479547691434,0.6100901992336077,-1.8711789102255154,-8.05660576379289,-18.574509346435075,-16.691482159988418,-8.937178556755166,-13.302292376045356,-28.77951073128428,-0.5231735530809392,1.5390003946253739,2.1751386888879596,0.08998042173754602,2.4574561328669757,-0.7912737803725164,-6.946583704589973,-2.048757880046008,-9.477546813422572,-10.541932090903696,-8.159217920187729,-10.081199072728626,-9.59415193938332,-7.3237563794598906
-1.6958588854417012,-0.8183980320749982,-3.446827135542728,-1.35,-1.7096474724774018,-4.943367254645418,-5.37401153701776,-6.383589308673822,-9.219725817198647,-0.5580517899530018,-6.717514421272201,-16.531755057978962,-18.355178524780765,-24.261567684168472,-34.13322057913534,-21.34696076098841,-24.631108570371243,7.729628798172836,8.332875042061959,2.481365379103305,2.67372378560224,-12.053955846910121,-10.10289749894062,-1.1066921731839616,-4.56694707264027,-4.474025700150604,0.559044857033105,-0.18302705977008157,-1.4942920471376184,-14.481404199311557,-19.027754245743708
-1.902113032590307,-2.1201202403910644,-2.89293574575349,1.9607012776628578,-3.983716857408416,-12.950531075192693,-8.806040963426952,-11.660078446690475,-11.116576264611394,-5.57650174641931,-14.74137600257488,-11.887314790379868,-17.33378774679637,-23.384881554845645,-18.283018381210244,-31.68236710228144,-7.621023553303061,17.076565044303212,18.220932464844893,15.803013449522203,8.415481852474713,5.663981837384124,15.128617794811515,0.5688617962507656,-9.39760334460862,-12.962409033357645,-11.977763454822172,-24.359251619630882,-6.040635219323579,-29.799112574087886,-9.507598121049218
0.35084604566728445,-1.6603610764900982,0.5633658753430689,-2.0506096654409878,-4.9809734904587275,-11.157380618627549,-9.411868544877166,-14.591061276968738,-8.170215006865373,-11.164434522374274,-4.341505834731655,-11.513535359039334,-12.696693800361944,-9.093266739736606,-3.5092704093562537,18.90277925683356,22.815600667747685,15.097700196861508,8.056456913486047,8.02117135680672,3.1044424995856543,12.157213929237601,3.67721281311495,-8.016581099100515,-7.729655239160116,-15.482993084175975,-19.506363632569972,-22.007861147452687,-20.643035556620536,-5.115427696792411,23.126325333242807
0.21637687955550594,-1.8186533479473206,1.003430258726842,-2.5033964073303263,-4.886401628086724,-3.2841478093828322,-11.509046429372361,-11.147585780550795,-11.79557445378014,-5.775660331676356,-14.12394327051047,-6.402124223013993,-1.0602632876247848,-10.193786435594776,-0.4703780847044405,0.30901699437494734,4.142271840535981,1.250385066826195,1.0793978087775944,0.09422864109675258,12.669063438299766,2.056336112597176,-0.34032192552703017,-7.818129957686171,-12.453102709480316,-19.67243982695043,-25.18702845584585,-28.45334619977424,-22.78190219373816,-2.9835656861048196,11.455129855222072
2.481365379103305,-7.507173794444553,-6.0,-0.6073678467284352,-4.660176929846252,2.575190374550271,-8.266740522037995,-12.307572280352394,-2.101315561749641,-2.9384585287987948,-6.482000027813327,-10.100734301164017,-8.400719262519381,-11.222466892282812,-10.69443188703247,9.084895181648836,23.086877978713005,2.4905416147351476,5.527973443304237,6.592487358848698,6.535062985480412,4.514665891898827,-3.6449230354373805,-9.815978113446695,-15.368464961808888,-25.45110881634713,-34.25795466159753,-35.70333604372101,-23.6195847903792,-6.303946685248923,8.580420445077436
-1.4847782882592393,8.126429945337886,-0.30000000000000004,2.2935548770899246,2.104181504587572,-1.2940952255126037,-14.564510443589263,2.369175144586249,2.5957427527495596,-13.531421345750871,-17.389588916171025,-18.62884085431564,-35.80391229958427,-27.05099555401703,6.230271871393395,24.162108765585835,10.33190877221781,-0.9979761159252454,4.585381808460123,15.01889590674926,3.4974671439391516,1.4021051222569194,-9.819513688075332,-10.613521835303311,-21.364433321897717,-33.063510115957925,-40.410163066562134,-41.074962990484835,-20.534036421367446,3.836194601922878,19.36543161661805
3.4439695907392696,1.9795692782260124,13.844566709268717,14.636027169893802,9.624128762162304,-0.40298686307066856,4.531106815558829,0.5371248478297651,2.543612468319383,-9.070578188831231,-7.353910524340094,-17.23066439610332,-15.254291335012764,0.932459776432441,20.692373546216796,18.650916485505615,1.7366459261474931,3.8283460154458893,8.603689214539601,9.865547113404995,14.032099083271746,-6.402940333427935,-4.948923195565028,-8.930650328470772,-12.338085939299493,-18.42011260662844,-30.009610829327993,-47.44746101489623,-1.0384181830183463,22.167147047631104,26.112430397939765
1.3348294332743422,2.9963372982810084,12.217178094277283,4.785851870520203,1.5435691925751946,-16.598293433459837,-12.13925975271885,-19.488121126872368,-15.333801792908021,-2.6841259366595858,-4.697220389154275,-8.539086997316929,-10.18839109348241,16.80444767694963,21.41794704049279,14.371882349109613,2.4523779240754,-0.43855755708410515,4.270514244191594,13.93130771763709,8.947086455531947,-1.760546003502694,0.457253048656827,-1.2633617806305393,-3.383188976590074,-2.8261416371189743,3.1139893964551586,49.723478552584154,61.83585277867274,45.55477780176427,40.3527640234225
-0.31686029285338346,2.8578838324886475,4.980370890165314,6.525654722723884,-2.266237429913578,-3.9803506874578725,-1.7578631383519558,-6.526011638451978,-4.972609476841367,-1.6416966879632102,-27.485947580619943,-5.657513064355536,10.09177234426147,21.77012385764971,16.83023064566784,0.26611408515963464,2.4425929168088505,5.06787870774914,7.188569284028453,4.697220389154272,2.3078197680771284,3.3582383186271887,8.282209443280667,3.5559543041044557,5.3988119128480285,12.265440106903158,24.47008793596157,42.17263119454392,54.89163846408588,50.65196266589946,41.81488377331687
1.8263972222828058,4.5847452450293815,0.20245594890947877,-3.0468937844573163,-5.664885887554527,-4.827419339140666,-5.609784464070421,-6.629807066588057,-12.51698203665163,-20.76720691936858,-1.8386064065574743,5.315092303249098,7.200000000000006,0.8615951648565983,-1.3547438671734702,8.51929319814451,18.514385756629512,9.522520350271456,9.708743128977021,3.578834582212779,5.623791594857509,6.551160280748883,8.773965628975457,4.181138530706142,5.4475596502100885,13.507572758190435,23.22238080979954,34.97256268332418,39.3037359555322,36.636093167407125,31.949549106720884
1.3215728212046596,-0.2681125554913249,-4.499314628203761,-3.954693803716334,-1.850153799837466,-1.9601569122099192,-4.903932984696255,7.139007515660275,-3.749789381794849,-15.548598987075025,-7.051258531910198,-2.2912478056110146,-0.23731657757700733,7.468643411977613,23.196722307001497,22.18627033834242,15.815820338298742,25.620469487984032,18.041078974561326,10.953349475133434,10.050310886639208,7.492131868318241,8.975811334988014,6.320793667076263,3.6169633240278167,10.915239290353163,21.78611056869529,26.120537190393687,20.007005130129862,13.379939539397892,14.48739833139972
-0.7257656867990023,1.6178292833385004,-5.3989495089621515,-4.822144735556516,-7.400045145754613,-3.8510712516026606,-0.5410245995557915,1.841570906844909,-3.491250673139625,5.348363872141453,18.75465593583998,20.764328542306323,6.112966623841722,20.92425036323907,21.617061976217105,17.963777457092252,20.896816828768575,29.577857656779276,19.06250470897426,17.93563114492036,9.20870643237343,6.771817612708858,7.524443153164712,8.722201819954954,4.484791837309423,6.390252938143035,20.501527128344417,18.255168115097714,15.298345110539636,7.725424859373684,5.4680774685070705
2.8844707693025247,-2.3070280702519654,-7.889173324561134,-2.425739315689991,-11.147172382160914,-13.422309221501404,-8.595728118848461,-3.606290012616699,4.427095360638532,7.850791796600889,12.362645316281592,-1.188901934305755,10.906828883649387,23.32015689338095,16.710701703495427,16.45202321542811,24.30715063343859,24.663090531476545,22.300704327070232,15.844586000572823,8.18642946776487,12.099999999999994,17.22670793959925,11.491876815742469,6.286064031542877,9.316542626614567,13.429226480823534,13.398120261369668,13.765834472425109,6.798373876248841,1.4858128907498698
1.9104936264211525,-1.3418729087126786,-7.28757737229034,-17.364595932847955,-17.435925098520833,-23.08500591938061,-21.34054864159311,-9.361327380725383,4.139099399927116,8.975811334988014,7.94574468464739,12.618681599723015,15.515405506990344,18.7164472200287,17.64432260965853,17.84883552467219,24.824293735629055,26.78677088193206,16.455362807975405,11.897379530422251,10.568422428763164,9.23894586923848,10.711192281640454,8.806984339685998,2.385671402049087,4.286531509570013,8.434503088000172,12.166945393019853,8.464772015886073,2.529588811077216,-2.362343269848968
0.296329525342038,-1.1826142334994911,-11.053067888292006,-5.673111453595901,-29.23005966773092,-33.42140340699086,-28.62938784345055,-12.957478821509163,2.575190374550271,9.086292627425035,12.6209358927594,12.287096264041915,10.62518408917975,12.190811208865343,14.247062270645026,15.977142520556937,20.043107232471424,21.104984444124774,8.705936191858406,13.520781008233659,7.893980875626886,3.5121563657931594,-0.5968723001550991,3.1672124370099026,-1.1342336428312851,-1.0539648004155326,1.1830929382147823,4.189110338897968,4.653771161473732,-0.45376256736937354,-5.5096598066706255
-8.471851010442295,-2.4041630560342613,-8.131459750154125,-15.063217158923345,-35.333836474405096,-38.7613993265069,-18.617039692341525,-7.092784427403893,-8.057372626599854,3.4091544632963435,10.736503746638336,6.289969285591362,9.16767773339897,2.6233878567045132,10.82271207626808,10.526445274987136,18.804323703497012,16.337593048704626,11.811648117874231,6.78302354956749,2.3009116085381773,-2.823846065024123,-3.0853132932670975,-3.765762711219057,-3.8266973829216306,-3.6062319827340437,-8.491458535548336,-3.376269363545206,-2.008986443830807,-2.5798099853306806,-4.8181815232391125
-3.644268564213334,-3.8567256581192355,-18.25599811686339,-36.49701701813363,-21.116971437953943,-6.53381218715606,-0.9096032741960979,-0.8774592725170633,-3.1562722568813575,-9.503762569562785,-3.144913849886634,4.322278053212098,9.107748318046283,0.3961696261263354,10.203772494823523,7.267367912268698,12.46054374278679,13.391837082055883,8.06952605658324,3.8671574492103242,-0.5637127279242602,-7.339282685866908,-2.4205496389211456,-5.0102316345623565,-5.678295409708625,-4.258696889378004,-9.399233833359672,-11.329771775109053,-3.4976501557277326,-3.278285337598467,-9.517723426748383
-2.0186495614704696,-9.364230162062409,-30.008458222549557,-36.88767010139843,-5.51612779451189,-8.096480336942184,-10.246252127810502,-2.9939283477757357,-16.511119986461935,-20.14696885402912,-13.13194669587623,-6.139453095510071,10.520368759345512,9.358430866391533,10.815594803123165,10.656500048585963,9.858902818503706,7.74676444745874,5.716922631501601,2.9722548357643856,-4.980114779327822,-8.541028488383184,-7.235326840458028,-8.45815964332932,-9.537052511268172,-8.627449237072074,-12.624242198116233,-12.961388132190555,-2.2399025886148136,-3.8326443934856576,-8.537253777903913
-1.9330601922501247,-6.410784584587486,-24.81160173390042,-3.172163596596452,-18.936855409984883,-8.441572818601168,-30.90933677959249,-36.58272026744433,-34.91986934619686,-26.53575741549827,-22.8832389048408,-13.048046823997726,1.7089516060653942,12.31200315700299,11.52607883007503,9.02368670586761,5.249705134512792,2.474461597782518,0.8856057061013445,-2.588619677857218,-6.8328227907065475,-12.212174945358731,-12.024871648650775,-12.212174945358731,-15.42556655353553,-11.697088901737875,-12.829572593721753,-9.180471528293934,-0.4345649202883616,-3.7020044855377416,-8.654202459793009
-4.333068166694749,-13.590346991568472,-32.62123850892376,-27.288134862749146,-42.973805561821116,-55.9,-59.091009730208185,-49.77617075795862,-37.33317336349261,-27.848783510220283,-21.477087723749253,-18.07024691035228,-7.49084324570252,7.000000000000006,23.315041788882787,15.68035019704875,5.562305898749056,-0.6316808903152732,2.069628333057103,-7.226772275765961,-8.653109626139422,-16.99625647203179,-15.914676514720673,-19.044242174276132,-15.800000000000004,-15.825198399085695,-15.390277941170636,-8.652475842498529,-6.987683742873409,-5.247247372854985,-6.112603710042127
-13.834190603811603,-29.99783411223908,-12.807903586843153,-35.36491178225697,-46.266453865807776,-47.8662523795269,-47.81734550840379,-44.13718922868486,-36.40576474687263,-24.132782428397125,-17.885542788994357,-18.54719092425647,-11.355068758412214,-5.876671264927009,8.158048651498616,13.359854014566782,6.13487803690731,-7.934517756882301,-6.790680836331102,-15.53312629199899,-20.422956091494523,-22.298533691733816,-17.484785899248696,-16.16253755911275,-15.897577926996147,-20.70243679643046,-19.558956479570675,-11.410693066998885,-4.197797898283988,-1.952288637547542,-3.8013575004776117
